978328577
877092519
277836676
594707569
506215725
503285882
185208955
56078651
5633916
954140866
111080991
524968273
289032056
750195774
129922282
645622429
472775490
376712006
255410707
431611276
224159629
274024491
349483638
119740196
959772688
153503959
839847657
574352887
629740936
601582336
187064381
738240632
954969873
150308436
169822246
567463169
132582499
927082571
827572860
409090444
281744510
543175257
738684974
248808627
334447054
813645821
956254687
962411290
544147718
710648868
239151314
420309903
735521622
288314957
518133115
473736905
600689060
266121723
48230673
965629116
527788523
327656019
202399739
887861949
792860736
641333504
632223507
576978744
472944798
548822344
83654801
843684469
704013204
948659665
304164917
763617312
165009145
174613677
758042609
951485192
38187399
18358490
267334472
761705117
942642454
646029861
774805017
643458020
842193120
891701016
731291318
635897303
118269642
612446272
434877532
975751447
425343514
373160784
6741777
89902131
572481113
308412852
368316181
143786678
767164725
882313352
14028261
61278958
522696297
374841567
23168786
537890190
936811936
933982359
893340627
76164903
687265945
756429791
637657694
137889878
602275916
480899713
301570741
86206027
312253406
833635489
259132455
425310989
969377159
760219975
84496047
817317480
664405905
33070124
720263440
85662006
22991790
610309123
607375105
608737427
848134857
114755448
499303233
487990089
853666071
25396891
776204013
90467559
592605629
793178671
922844887
612614146
569619405
346212865
251497264
664002518
877377869
784080806
445712895
718641881
322203657
321096517
164195172
164119747
795270407
273403375
274274720
387572273
282965408
891689961
852335264
598990207
470754993
570411987
329896709
429676442
111684524
417381809
603764990
311699977
477217885
741838945
714931578
976672690
162670377
301125498
663596423
298160948
130758002
814066872
609329806
549574386
512047935
160294098
617408944
576948728
288921814
404768627
575676166
212132858
807623937
116152337
969207919
702122656
943615255
264882588
903721116
264917211
313078701
242842824
908387046
238871234
686664680
391940098
307748038
480457523
909285666
170700940
901049914
543685920
892320235
969710690
959278821
719854991
865113746
619339544
491561000
183803354
776066688
623176866
263013785
151719889
60867985
761282704
622949384
538711021
867228950
641000565
600903414
889934961
677074641
643122889
254515341
908277038
655032794
655087841
935375501
443783717
601233923
713517998
100450154
77394481
379957385
891520985
773896057
944915047
869595811
539641152
540210123
119101541
478031652
358133234
781661005
970579301
884667480
435658105
816565215
14965574
677588330
455225794
683932097
180132536
319601550
579685878
364201808
99158671
588446063
752273653
70391108
599538791
613704773
890242958
331642220
514602443
895043708
186347871
77893966
276777036
499477828
768560737
261616394
473346063
521816606
309032671
19288396
563800866
276425032
125163464
489378211
342229750
582019354
449529092
318601554
382295507
669001471
709014853
553926581
469760750
65889244
117394061
200269106
267067639
231259896
882678143
805981522
570329971
594321848
248316825
808185228
305616772
379435032
778398156
120557931
382844517
574205912
505849005
54454531
305323577
920477518
541497071
26147014
200690721
544824508
268776349
241943822
256144055
964808735
260118608
716818353
937871812
71717930
977241993
114169772
215430665
288027940
446969789
958996748
456411248
205588275
440750009
892317784
489053856
170793518
433900549
968932015
30791651
254828877
536564988
52892820
137986509
536787431
220277597
689534178
411164583
96224838
382542395
393909758
143325808
660891157
747851585
7508509
609862367
711360345
659319228
772437332
622626643
128247446
862353001
856354270
426851688
459187946
54987550
810403839
962257507
393265619
50451745
408651353
389457879
814698935
238330924
791906932
173331385
911682520
876653970
201128820
183037904
144041366
782913403
644719077
713407555
743155919
704089954
394833791
488740936
31531344
843323318
599313052
386869097
19970382
798568995
795398973
704337451
790011535
865215183
944382711
329585197
840160543
687081794
183532593
64379224
139499537
139222512
34285401
790858320
226405242
136034037
441748751
626262272
360825330
813357514
841041251
634016198
631952505
228321433
189433799
867889300
713510567
547554878
352278340
163346909
846087814
97137471
895536525
303192928
925643773
885224457
486465708
552965916
607091796
65425251
398995422
337752007
613384999
6099783
778665500
546662697
440182684
15979892
293788161
366178840
41964759
849429123
740263171
169790833
651399990
657665916
394973020
936018905
430888159
132192209
85537750
422720926
470152479
664198840
927533831
194388908
929870965
570959659
924744398
11215
307017751
845061981
39548606
469365026
463571410
446205605
345448164
749777873
190139464
455635913
768238326
189998550
226650949
888247073
768684896
318807368
665084541
220486985
483374765
672051300
330951213
188142698
635569546
926135388
281568980
344504803
535145333
334597087
131726017
688049110
905498144
570067797
614603767
441217892
825571975
899189641
648610117
90257433
118411748
254387973
493989808
216942337
865218351
530745104
414258781
755171268
120722334
37803660
441081826
218933097
670872961
118221365
730080834
36467739
922011504
258914719
203874081
674347726
276258747
323485926
186241595
415928965
268852330
351402923
629083929
443263378
923522525
345667483
28180997
657502401
218792814
885544403
303615403
886776304
381616899
160619990
754454178
884811351
65011511
220637816
318933394
912094511
441134295
809142730
689262743
792434831
752348663
365531259
721097894
947263002
137423790
16011639
24378864
486188032
900846895
259508174
348492337
16052167
745999930
523913388
877669788
244535925
171427624
80410847
321288180
53400035
756120108
539618127
281542652
935729822
324314428
264404376
22490057
6257184
656361721
586105711
364278172
178445657
189226641
299294510
693434888
691800165
586204363
962617616
391606560
204671335
396114509
516123680
684141704
910014342
976704978
656041110
328691951
537334829
611256193
812011115
446218566
792806940
109205793
618341721
308198514
14702066
940936235
593601874
849971721
342974179
586338416
602357033
538742462
887038443
613221895
130943739
415147946
70854099
617541341
347647039
954452310
695074061
586799502
82465357
870750413
916466177
58224152
930411275
968916301
543372369
38004889
668620741
956812874
241231525
158069746
158066339
357517955
208159526
548807431
841349405
490051456
482787816
849809561
910869009
357766319
367881706
501609617
565917370
779244849
122494789
862172443
611480576
460303849
900902833
383775932
837576721
887188235
346964885
557288828
164136054
861771325
227979466
394562407
901007011
968562211
503274928
567679019
729475522
457471135
86673843
366891221
700101329
826446473
925336330
792321719
659509353
222282372
899522254
178790123
946095962
428446388
160421781
643800155
504671580
116320197
952358443
64040565
371088428
481125071
932776028
928288963
539447759
419481688
411150315
339070320
550675301
969331918
497814925
773438407
224239810
393598835
378777398
436402837
754279483
246838574
192202309
571594753
87666062
742244237
240870453
285128899
510742275
974732515
443334122
513648232
865260701
45830981
368112587
940068258
35290482
345534581
372702728
935180397
755957722
483861537
906029951
56704422
898474845
209921733
233956854
78707600
596188784
871044753
629023055
535502064
637214048
734055380
807569180
13766071
652972217
225324643
940831042
541715062
881712106
557322857
475094428
31352562
515384002
539556661
763020998
52997957
157794960
511057970
54359538
565465592
553435276
418181159
530737880
246375779
111949727
337072429
168147071
383645021
394844530
432345732
375450131
492045187
352514409
506409916
758981297
977777318
829114415
143951650
945319974
738077063
663247545
454024743
184190992
699112103
5600451
80512978
818071610
419570794
880046810
202275995
825498414
531782925
60805152
513420811
360722815
158132229
973444710
687059556
649243604
774833858
164483774
80326373
69199896
898908847
708892892
103651191
176986876
284043091
647842358
420534144
87520849
56289123
350108589
418835033
475581255
158530215
154137528
524886296
497571529
505991631
144726371
135087459
9323861
113779805
336345189
491592489
849478294
628523571
292508002
573618699
171000238
843059040
764712767
138806397
191037693
900254919
820218362
347117743
109554207
503790834
390470106
197685634
81312191
740843148
51248456
598171696
229433401
556517516
557397362
765824830
827949141
719022932
917309260
747283825
1610187
419161045
625616106
492082557
977436295
361180279
438759943
640507217
576567308
285780599
813545861
629124796
608103494
862369996
937111205
356825413
709275452
630655613
955485496
678175225
358128141
669932898
165634681
556548911
820462767
931644190
328219307
125557496
557214710
578840737
423789756
193043077
711924649
38737979
92870854
398402028
445081654
640154278
81719000
731553452
727768724
786544120
168885841
946630305
917601875
443152066
458227416
301793178
940388078
346796866
56648557
845988165
255569361
225376819
475048784
166880923
705883555
916961498
151282510
559600917
900285049
720076285
187503904
596271882
328176494
496005786
700396061
628458125
460671564
700730683
965741097
70253438
148005715
350110272
521750626
487264137
409432913
313214871
286729666
23795714
215081158
213875542
288671482
977933843
156554475
34058226
543095533
371079184
28091236
27354466
709775760
155013684
620837757
14022441
834393442
787396901
2263057
214595720
895460469
864890606
265555326
592337186
506010161
687721968
354533564
269284200
71394996
843453815
637757296
4521666
487592400
900040328
304858592
306116974
633119323
187899484
633266900
431356503
166721483
935044311
623442631
221749473
363936710
788454825
655270315
363899360
142742314
573876685
342510384
255306064
18731778
449433350
670665027
227612131
937549885
779101232
257019325
887636487
175279908
107515900
379991843
41994460
262145149
837253489
801885569
824035085
525775511
52327145
32681559
872630787
540608909
939780782
82272887
249599162
700154838
204901207
845850951
62705716
120999018
692404297
907585663
